line
200 0 0 100 0 0
line
100 0 0 100 50 0
line
100 50 0 0 50 0
line
0 50 0 0 110 0
line
0 110 0 20 110 0
line
20 110 0 20 90 0
line
20 90 0 50 100 0
line
50 100 0 70 140 0
line
70 140 0 120 140 0
line
120 140 0 160 180 0
line
160 180 0 200 190 0
line
200 190 0 170 160 0
line
170 160 0 150 140 0
line
150 140 0 150 80 0
line
150 80 0 200 0 0
line
200 0 100 100 0 100
line
100 0 100 100 50 100
line
100 50 100 0 50 100
line
0 50 100 0 110 100
line
0 110 100 20 110 100
line
20 110 100 20 90 100
line
20 90 100 50 100 100
line
50 100 100 70 140 100
line
70 140 100 120 140 100
line
120 140 100 160 180 100
line
160 180 100 200 190 100
line
200 190 100 170 160 100
line
170 160 100 150 140 100
line
150 140 100 150 80 100
line
150 80 100 200 0 100
rotate
z 20
rotate
x 20
apply
save
pic.png
